0	1	label	predict
3.0487	2.5656	1	1
5.4086	4.8221	2	2
1.9437	1.8532	1	1
3.9605	4.1737	2	2
4.2607	3.9854	2	2
1.8302	2.1204	1	1
2.6599	1.4592	1	1
3.2356	2.6192	1	1
5.3024	4.0452	2	2
4.3554	3.5690	2	2
2.5934	2.0731	1	1
2.4421	1.6091	1	1
2.9049	1.4263	1	1
1.6974	1.8524	1	1
3.9660	3.9385	2	2
2.3931	1.3901	1	1
2.9045	3.0647	1	1
2.8274	3.0408	1	1
1.5784	2.5156	1	1
5.5412	4.2876	2	2
2.5687	2.1708	1	1
2.9321	2.1744	1	1
4.9099	4.6240	2	2
5.4221	4.3110	2	2
2.8182	1.9085	1	1
2.4019	2.9214	1	1
2.2207	1.7052	1	1
4.3913	5.4665	2	2
5.2026	5.0138	2	2
5.0788	4.6748	2	2
1.5145	2.8329	1	1
2.1931	1.4192	1	1
3.8031	5.2017	2	2
4.0393	4.1312	2	2
2.4016	2.5534	1	1
2.6713	2.5387	1	1
1.5902	1.6454	1	1
2.9106	2.9497	1	1
4.0899	4.8801	2	2
1.9280	2.7045	1	1
4.7984	5.3978	2	2
2.5358	3.1205	1	1
4.8904	3.6957	2	2
4.9544	4.7914	2	2
4.6105	3.5243	2	2
1.3394	2.4990	1	1
1.5030	1.8425	1	1
2.1856	3.1248	1	1
4.7792	5.3316	2	2
1.6049	2.3474	1	1
2.1366	3.0482	1	1
4.4495	4.8484	2	2
5.2488	4.0496	2	2
4.1165	4.6440	2	2
1.6158	1.7969	1	1
1.6810	2.9694	1	1
5.0626	4.5669	2	2
2.4181	1.4901	1	1
2.1372	1.7187	1	1
5.3200	4.4365	2	2
2.6447	1.3009	1	1
4.9015	4.5613	2	2
2.3940	3.2336	1	1
2.1067	1.8368	1	1
4.9242	4.0985	2	2
5.5025	4.5693	2	2
4.6483	4.8655	2	2
4.9310	3.5646	2	2
1.8860	2.6316	1	1
2.9845	1.9797	1	1
3.8122	4.9155	2	2
5.0517	4.2714	2	2
2.1709	2.6365	1	1
2.7405	3.0990	1	1
1.7415	3.0113	1	1
3.7429	4.8750	2	2
1.6960	2.0182	1	1
2.1111	3.1171	1	1
4.9680	5.1461	2	2
5.0027	4.0928	2	2
2.2660	2.4249	1	1
4.5774	5.1743	2	2
2.6577	2.7594	1	1
2.9173	1.6577	1	1
2.2303	2.9647	1	1
1.8205	2.4212	1	1
2.2353	3.1916	1	1
2.0799	1.2972	1	1
4.8047	4.9686	2	2
5.3530	3.9216	2	2
5.2523	4.5066	2	2
2.0336	1.5822	1	1
3.9788	5.0201	2	2
2.0424	2.2835	1	1
4.2963	3.5323	2	2
4.7880	4.0125	2	2
5.2300	4.0885	2	2
1.8859	1.7016	1	1
4.7900	4.8146	2	2
5.1072	3.8450	2	2
2.5363	2.3364	1	1
2.7761	2.5532	1	1
4.4024	5.3650	2	2
1.5391	1.8988	1	1
4.6563	5.1791	2	2
1.7356	1.8448	1	1
5.2763	4.2212	2	2
5.0335	4.8681	2	2
4.1726	5.3093	2	2
2.6375	2.1431	1	1
2.4293	2.8097	1	1
5.0619	4.8534	2	2
4.4617	5.0194	2	2
3.9897	5.3169	2	2
5.0787	5.2486	2	2
3.2872	2.3239	1	1
5.2734	4.3356	2	2
3.1396	1.9599	1	1
2.5789	2.9757	1	1
4.8488	4.8152	2	2
4.3906	3.7138	2	2
3.5760	4.7852	2	2
2.5902	1.7430	1	1
4.4320	3.8430	2	2
4.7568	5.1794	2	2
5.2814	4.0300	2	2
5.6518	4.6327	2	2
2.3561	2.2698	1	1
2.7921	1.6736	1	1
2.4265	3.1767	1	1
4.6455	4.5345	2	2
4.5263	3.7689	2	2
5.2110	4.8284	2	2
4.8497	4.9165	2	2
1.6930	1.8638	1	1
3.0227	2.0253	1	1
1.4695	2.2097	1	1
3.3523	2.4330	1	1
1.5838	2.6503	1	1
5.1136	4.5731	2	2
3.9979	4.9120	2	2
5.2859	4.3441	2	2
1.5117	2.4982	1	1
3.8819	5.0265	2	2
2.3306	1.3940	1	1
5.1638	4.0012	2	2
4.0139	4.4901	2	2
2.6969	1.6441	1	1
2.1711	1.6013	1	1
5.1159	4.4469	2	2
4.5467	4.6754	2	2
4.9746	4.2733	2	2
2.3967	2.9524	1	1
1.4334	2.2691	1	1
5.3290	4.8857	2	2
4.7565	3.9493	2	2
5.6688	4.8277	2	2
1.5818	2.8216	1	1
1.2761	2.5407	1	1
5.0037	4.4674	2	2
3.8667	4.1570	2	2
4.7203	5.4005	2	2
1.7106	2.9495	1	1
2.2758	1.6625	1	1
2.8469	1.9286	1	1
3.2686	2.4182	1	1
4.7135	3.7620	2	2
2.1374	2.0441	1	1
4.2776	4.1027	2	2
4.2902	4.4562	2	2
1.7863	2.4338	1	1
4.4932	4.7538	2	2
2.2038	3.2163	1	1
3.2893	2.5403	1	1
4.2942	5.0729	2	2
5.4295	4.4465	2	2
4.7022	4.8242	2	2
2.9235	2.5889	1	1
1.9748	1.8471	1	1
2.5593	2.3659	1	1
5.2477	4.5552	2	2
2.3582	3.1383	1	1
4.5154	4.0839	2	2
1.7808	2.8369	1	1
2.7537	1.8748	1	1
3.6772	4.4777	2	2
5.0398	3.9215	2	2
2.8793	2.9451	1	1
4.6642	3.6326	2	2
3.9719	5.0770	2	2
2.0386	1.5381	1	1
2.1700	1.2954	1	1
1.6982	2.6647	1	1
5.2846	5.1811	2	2
3.7265	4.5434	2	2
4.3527	4.1612	2	2
4.0273	5.1846	2	2
1.9931	3.2250	1	1
2.4068	2.5440	1	1
1.2859	2.2509	1	1
2.1137	1.3469	1	1
4.1548	5.1490	2	2
4.3609	3.7977	2	2
4.7927	4.2897	2	2
1.8644	2.8717	1	1
4.3737	5.1431	2	2
5.0645	3.9317	2	2
2.6692	2.3007	1	1
4.7870	5.1834	2	2
2.9945	1.7888	1	1
2.7526	1.9273	1	1
3.5804	4.7073	2	2
4.0307	4.0499	2	2
4.5714	4.3853	2	2
1.6948	1.7030	1	1
5.5039	4.2076	2	2
2.8465	2.9902	1	1
1.4917	2.2762	1	1
1.8972	2.9747	1	1
3.9458	5.2738	2	2
4.2246	4.5844	2	2
2.7152	2.9093	1	1
5.0223	3.8834	2	2
2.2797	2.8549	1	1
3.1930	2.5844	1	1
4.5167	4.8085	2	2
2.1430	1.7404	1	1
1.8017	1.9935	1	1
3.8951	3.9165	2	2
2.7762	2.0472	1	1
2.7003	2.9473	1	1
2.3254	1.9880	1	1
4.6309	3.6531	2	2
2.9024	2.2410	1	1
4.6057	5.5819	2	2
4.4694	4.7310	2	2
2.4358	1.9301	1	1
2.5415	2.0292	1	1
5.5583	4.2084	2	2
2.9709	2.5935	1	1
2.6474	2.5152	1	1
4.0295	4.1715	2	2
2.1984	2.4371	1	1
1.5851	2.8056	1	1
5.0251	5.4682	2	2
2.2128	1.9576	1	1
2.9415	1.7662	1	1
4.7958	5.1175	2	2
